,price of aluminum extrusion,Set_Price,USD_Price,import,export,gdp,cpi
price of aluminum extrusion,1.0,0.29286840039662587,0.42651665831334423,0.15939563769512632,0.65940977149628,-0.3284110449744955,0.16274111251743464
Set_Price,0.29286840039662587,1.0,0.057620086439106113,0.39863136753361955,0.4357866909336707,0.15851643694756207,0.1799220846839793
USD_Price,0.42651665831334423,0.057620086439106113,1.0,0.09036454365475177,0.42732620516979913,-0.10795061171876473,0.02876167003197841
import,0.15939563769512632,0.39863136753361955,0.09036454365475177,1.0,0.6780515024704761,0.30767201170174796,0.7550993755727999
export,0.65940977149628,0.4357866909336707,0.42732620516979913,0.6780515024704761,1.0,-0.2375364012207287,0.6100250902997025
gdp,-0.3284110449744955,0.15851643694756207,-0.10795061171876473,0.30767201170174796,-0.2375364012207287,1.0,-0.3119570876322555
cpi,0.16274111251743464,0.1799220846839793,0.02876167003197841,0.7550993755727999,0.6100250902997025,-0.3119570876322555,1.0
