,price of aluminum printed plate,Set_Price,USD_Price,import,export,gdp,cpi
price of aluminum printed plate,1.0,0.2285291234621912,0.05030649853488217,0.18367436645917176,0.5660665249526234,-0.2742119991347763,0.19320562111451992
Set_Price,0.2285291234621912,1.0,0.05171975748260717,0.32100007325880825,0.4770534111907104,0.03890801997274959,0.16007229583246607
USD_Price,0.05030649853488217,0.05171975748260717,1.0,0.09694174332744321,0.27296093610080524,0.03711306666176183,-0.00041544139200527916
import,0.18367436645917176,0.32100007325880825,0.09694174332744321,1.0,0.6856449042537062,0.30091700721872155,0.7566266675275051
export,0.5660665249526234,0.4770534111907104,0.27296093610080524,0.6856449042537062,1.0,-0.23200085036257906,0.6103260384682643
gdp,-0.2742119991347763,0.03890801997274959,0.03711306666176183,0.30091700721872155,-0.23200085036257906,1.0,-0.3155345409861528
cpi,0.19320562111451992,0.16007229583246607,-0.00041544139200527916,0.7566266675275051,0.6103260384682643,-0.3155345409861528,1.0
